support=0.1, conf=0.1

5: [17812, 3252, 3821, 4122, 3601],
8, [14829, 3601, 3821, 2077, 2558, 2983, 1175, 1564]
11, [10602, 3307, 2983, 3601, 2558, 2049, 1175, 1564, 2077, 1772, 920]
14: [1609,3601,2983,2077,2558,1968,1698,1564,7077,1772,920,2049,1557,1175]),
17: [1698, 2077, 1968, 7077, 2558, 1557, 2706, 1564, 1073, 1772, 920, 2049, 756, 1175, 536, 895, 2227]
20: [1968,2558,1557,1073,1641,5883,2706,1564,1096,1194,920,2049,756,1175,536,895,2227,602,436,1772]),
23: [2706,2558,1352,1073,1641,5478,1175,1564,1096,1194,875,2049,756,682,536,895,2227,602,436,1772,616,920,405]),
26: [1948,1073,1352,1520,1641,5478,1175,1564,1096,1194,875,724,756,682,536,895,2227,602,436,1772,616,920,405,2049,758,314]),
29: [1641,1520,5478,1096,1532,756,1175,1564,880,1194,875,724,416,682,536,895,2227,602,436,1772,616,920,405,2049,758,314,755,318,472]
30: [5478,1520,1192,1096,1532,756,1175,1564,880,1194,875,724,416,682,536,895,2227,602,436,1772,616,920,405,2049,758,314,755,318,472,449]
33: [1532,1194,1192,1096,4812,756,1175,1564,880,616,875,724,416,682,536,895,2227,602,436,1772,1009,920,405,2049,758,314,755,318,472,449,312,354,511],
36: [4812,1096,756,1564,1274,724,1175,648,880,616,875,876,416,682,536,895,258,602,436,1772,1009,920,405,2049,758,314,755,318,472,449,31354,511,2227,318,544]
39: [4570,1274,756,880,1040,724,1175,648,602,616,875,876,416,682,536,895,258,544,436,1772,1009,920,405,2049,758,314,755,318,472,449,312,354,511,2227,318,262,242,834,524]
42: [1274,880,724,648,1040,876,4314,895,602,616,875,758,416,682,536,780,258,544,436,256,1009,920,405,2049,408,314,755,318,472,449,312,35511,2227,318,262,242,834,524,1772,348,395]
45: [4314,1040,682,648,616,876,536,895,602,1009,875,758,416,675,411,780,258,544,436,256,694,920,405,2049,408,314,755,318,472,449,312,354,511,2227,318,262,242,834,524,1772,348,395,580,205,313]
48: [876,616,416,648,1009,758,536,895,602,4111,875,408,755,675,411,780,258,544,436,256,694,920,289,280,402,314,751,318,472,449,312,354,511,2227,318,262,242,834,524,1772,348,395,580,205,313,203,405,2049]
51: [1009,4111,416,895,875,758,536,780,602,694,920,408,755,675,411,457,258,544,436,256,580,313,289,419,402,314,751,318,472,449,312,354,511,2227,318,262,242,834,524,1772,348,395,412,205,246,203,405,2049,280,204,402]
54: [895,875,758,780,694,639,536,457,602,580,920,408,3472,675,411,657,258,544,436,256,412,313,289,419,402,755,751,318,472,449,312,354,511,2227,318,262,242,834,524,1772,348,395,278,205,246,203,405,2049,280,204,402,352,314,138]
57: [780,694,639,457,920,665,536,657,602,580,448,408,3472,675,411,511,258,544,436,256,412,313,289,419,402,755,751,318,472,449,312,354,613,2227,318,262,242,834,524,1772,348,395,278,205,246,203,405,2049,280,204,402,352,314,138,282,210,310]





















