'support', 0.1, 'conf', 0.1, [(5, 5), (8, 7), (11, 9), (14, 12), (17, 15), (20, 17), (23, 20), (26, 23), (29, 26)]
'support', 0.1, 'conf', 0.2, [(5, 5), (8, 7), (11, 9), (14, 12), (17, 15), (20, 17), (23, 20), (26, 23), (29, 26)]
'support', 0.1, 'conf', 0.3, [(5, 5), (8, 7), (11, 9), (14, 12), (17, 15), (20, 17), (23, 20), (26, 23), (29, 26)]
'support', 0.1, 'conf', 0.4, [(5, 5), (8, 7), (11, 9), (14, 12), (17, 15), (20, 17), (23, 20), (26, 23), (29, 26)]
'support', 0.1, 'conf', 0.5, [(5, 5), (8, 7), (11, 9), (14, 12), (17, 15), (20, 17), (23, 20), (26, 23), (29, 26)]
'support', 0.1, 'conf', 0.6, [(5, 4), (8, 7), (11, 9), (14, 12), (17, 15), (20, 17), (23, 20), (26, 23), (29, 26)]
'support', 0.1, 'conf', 0.7, [(5, 4), (8, 7), (11, 9), (14, 12), (17, 15), (20, 16), (23, 19), (26, 22), (29, 26)]
'support', 0.1, 'conf', 0.8, [(5, 4), (8, 6), (11, 7), (14, 11), (17, 13), (20, 14), (23, 16), (26, 19), (29, 24)]
'support', 0.1, 'conf', 0.9, [(5, 3), (8, 6), (11, 7), (14, 10), (17, 12), (20, 13), (23, 14), (26, 16), (29, 21)]
'support', 0.2, 'conf', 0.1, [(5, 4), (8, 7), (11, 9), (14, 11), (17, 14), (20, 15), (23, 18), (26, 21), (29, 24)]
'support', 0.2, 'conf', 0.2, [(5, 4), (8, 7), (11, 9), (14, 11), (17, 14), (20, 15), (23, 18), (26, 21), (29, 24)]
'support', 0.2, 'conf', 0.3, [(5, 4), (8, 7), (11, 9), (14, 11), (17, 14), (20, 15), (23, 18), (26, 21), (29, 24)]
'support', 0.2, 'conf', 0.4, [(5, 4), (8, 7), (11, 9), (14, 11), (17, 14), (20, 15), (23, 18), (26, 21), (29, 24)]
'support', 0.2, 'conf', 0.5, [(5, 4), (8, 7), (11, 9), (14, 11), (17, 14), (20, 15), (23, 18), (26, 21), (29, 24)]
'support', 0.2, 'conf', 0.6, [(5, 4), (8, 7), (11, 8), (14, 10), (17, 13), (20, 14), (23, 17), (26, 20), (29, 24)]
'support', 0.2, 'conf', 0.7, [(5, 3), (8, 7), (11, 8), (14, 10), (17, 13), (20, 14), (23, 17), (26, 20), (29, 23)]
'support', 0.2, 'conf', 0.8, [(5, 3), (8, 6), (11, 7), (14, 10), (17, 12), (20, 13), (23, 15), (26, 18), (29, 21)]
'support', 0.2, 'conf', 0.9, [(5, 2), (8, 4), (11, 5), (14, 6), (17, 9), (20, 10), (23, 12), (26, 16), (29, 18)]
'support', 0.3, 'conf', 0.1, [(5, 3), (8, 4), (11, 5), (14, 6), (17, 10), (20, 12), (23, 14), (26, 17), (29, 21)]
'support', 0.3, 'conf', 0.2, [(5, 3), (8, 4), (11, 5), (14, 6), (17, 10), (20, 12), (23, 14), (26, 17), (29, 21)]
'support', 0.3, 'conf', 0.3, [(5, 3), (8, 4), (11, 5), (14, 6), (17, 10), (20, 12), (23, 14), (26, 17), (29, 21)]
'support', 0.3, 'conf', 0.4, [(5, 3), (8, 4), (11, 5), (14, 6), (17, 10), (20, 12), (23, 14), (26, 17), (29, 21)]
'support', 0.3, 'conf', 0.5, [(5, 3), (8, 4), (11, 5), (14, 6), (17, 10), (20, 12), (23, 14), (26, 17), (29, 21)]
'support', 0.3, 'conf', 0.6, [(5, 3), (8, 4), (11, 5), (14, 6), (17, 10), (20, 12), (23, 14), (26, 17), (29, 21)]
'support', 0.3, 'conf', 0.7, [(5, 3), (8, 4), (11, 5), (14, 6), (17, 10), (20, 12), (23, 14), (26, 17), (29, 20)]
'support', 0.3, 'conf', 0.8, [(5, 3), (8, 4), (11, 5), (14, 6), (17, 9), (20, 11), (23, 13), (26, 16), (29, 19)]
'support', 0.3, 'conf', 0.9, [(5, 2), (8, 3), (11, 4), (14, 4), (17, 6), (20, 8), (23, 10), (26, 14), (29, 16)]
'support', 0.4, 'conf', 0.1, [(5, 3), (8, 4), (11, 5), (14, 6), (17, 8), (20, 10), (23, 11), (26, 15), (29, 16)]
'support', 0.4, 'conf', 0.2, [(5, 3), (8, 4), (11, 5), (14, 6), (17, 8), (20, 10), (23, 11), (26, 15), (29, 16)]
'support', 0.4, 'conf', 0.3, [(5, 3), (8, 4), (11, 5), (14, 6), (17, 8), (20, 10), (23, 11), (26, 15), (29, 16)]
'support', 0.4, 'conf', 0.4, [(5, 3), (8, 4), (11, 5), (14, 6), (17, 8), (20, 10), (23, 11), (26, 15), (29, 16)]
'support', 0.4, 'conf', 0.5, [(5, 3), (8, 4), (11, 5), (14, 6), (17, 8), (20, 10), (23, 11), (26, 15), (29, 16)]
'support', 0.4, 'conf', 0.6, [(5, 3), (8, 4), (11, 5), (14, 6), (17, 8), (20, 10), (23, 11), (26, 15), (29, 16)]
'support', 0.4, 'conf', 0.7, [(5, 3), (8, 4), (11, 5), (14, 6), (17, 7), (20, 9), (23, 10), (26, 15), (29, 16)]
'support', 0.4, 'conf', 0.8, [(5, 3), (8, 4), (11, 5), (14, 6), (17, 7), (20, 9), (23, 10), (26, 14), (29, 15)]
'support', 0.4, 'conf', 0.9, [(5, 2), (8, 3), (11, 4), (14, 4), (17, 5), (20, 7), (23, 8), (26, 12), (29, 13)]
'support', 0.5, 'conf', 0.1, [(5, 2), (8, 3), (11, 3), (14, 3), (17, 4), (20, 6), (23, 7), (26, 10), (29, 10)]
'support', 0.5, 'conf', 0.2, [(5, 2), (8, 3), (11, 3), (14, 3), (17, 4), (20, 6), (23, 7), (26, 10), (29, 10)]
'support', 0.5, 'conf', 0.3, [(5, 2), (8, 3), (11, 3), (14, 3), (17, 4), (20, 6), (23, 7), (26, 10), (29, 10)]
'support', 0.5, 'conf', 0.4, [(5, 2), (8, 3), (11, 3), (14, 3), (17, 4), (20, 6), (23, 7), (26, 10), (29, 10)]
'support', 0.5, 'conf', 0.5, [(5, 2), (8, 3), (11, 3), (14, 3), (17, 4), (20, 6), (23, 7), (26, 10), (29, 10)]
'support', 0.5, 'conf', 0.6, [(5, 2), (8, 3), (11, 3), (14, 3), (17, 4), (20, 6), (23, 7), (26, 10), (29, 10)]
'support', 0.5, 'conf', 0.7, [(5, 2), (8, 3), (11, 3), (14, 3), (17, 4), (20, 6), (23, 7), (26, 10), (29, 10)]
'support', 0.5, 'conf', 0.8, [(5, 2), (8, 3), (11, 3), (14, 3), (17, 4), (20, 6), (23, 7), (26, 10), (29, 10)]
'support', 0.5, 'conf', 0.9, [(5, 2), (8, 3), (11, 3), (14, 3), (17, 4), (20, 5), (23, 5), (26, 8), (29, 8)]
'support', 0.6, 'conf', 0.1, [(5, 0), (8, 0), (11, 2), (14, 2), (17, 2), (20, 3), (23, 4), (26, 7), (29, 7)]
'support', 0.6, 'conf', 0.2, [(5, 0), (8, 0), (11, 2), (14, 2), (17, 2), (20, 3), (23, 4), (26, 7), (29, 7)]
'support', 0.6, 'conf', 0.3, [(5, 0), (8, 0), (11, 2), (14, 2), (17, 2), (20, 3), (23, 4), (26, 7), (29, 7)]
'support', 0.6, 'conf', 0.4, [(5, 0), (8, 0), (11, 2), (14, 2), (17, 2), (20, 3), (23, 4), (26, 7), (29, 7)]
'support', 0.6, 'conf', 0.5, [(5, 0), (8, 0), (11, 2), (14, 2), (17, 2), (20, 3), (23, 4), (26, 7), (29, 7)]
'support', 0.6, 'conf', 0.6, [(5, 0), (8, 0), (11, 2), (14, 2), (17, 2), (20, 3), (23, 4), (26, 7), (29, 7)]
'support', 0.6, 'conf', 0.7, [(5, 0), (8, 0), (11, 2), (14, 2), (17, 2), (20, 3), (23, 4), (26, 7), (29, 7)]
'support', 0.6, 'conf', 0.8, [(5, 0), (8, 0), (11, 2), (14, 2), (17, 2), (20, 3), (23, 4), (26, 7), (29, 7)]
'support', 0.6, 'conf', 0.9, [(5, 0), (8, 0), (11, 2), (14, 2), (17, 2), (20, 3), (23, 3), (26, 5), (29, 5)]
'support', 0.7, 'conf', 0.1, [(5, 0), (8, 0), (11, 2), (14, 2), (17, 2), (20, 3), (23, 3), (26, 6), (29, 6)]
'support', 0.7, 'conf', 0.2, [(5, 0), (8, 0), (11, 2), (14, 2), (17, 2), (20, 3), (23, 3), (26, 6), (29, 6)]
'support', 0.7, 'conf', 0.3, [(5, 0), (8, 0), (11, 2), (14, 2), (17, 2), (20, 3), (23, 3), (26, 6), (29, 6)]
'support', 0.7, 'conf', 0.4, [(5, 0), (8, 0), (11, 2), (14, 2), (17, 2), (20, 3), (23, 3), (26, 6), (29, 6)]
'support', 0.7, 'conf', 0.5, [(5, 0), (8, 0), (11, 2), (14, 2), (17, 2), (20, 3), (23, 3), (26, 6), (29, 6)]
'support', 0.7, 'conf', 0.6, [(5, 0), (8, 0), (11, 2), (14, 2), (17, 2), (20, 3), (23, 3), (26, 6), (29, 6)]
'support', 0.7, 'conf', 0.7, [(5, 0), (8, 0), (11, 2), (14, 2), (17, 2), (20, 3), (23, 3), (26, 6), (29, 6)]
'support', 0.7, 'conf', 0.8, [(5, 0), (8, 0), (11, 2), (14, 2), (17, 2), (20, 3), (23, 3), (26, 6), (29, 6)]
'support', 0.7, 'conf', 0.9, [(5, 0), (8, 0), (11, 2), (14, 2), (17, 2), (20, 3), (23, 3), (26, 5), (29, 5)]
'support', 0.8, 'conf', 0.1, [(5, 0), (8, 0), (11, 2), (14, 2), (17, 2), (20, 2), (23, 2), (26, 4), (29, 4)]
'support', 0.8, 'conf', 0.2, [(5, 0), (8, 0), (11, 2), (14, 2), (17, 2), (20, 2), (23, 2), (26, 4), (29, 4)]
'support', 0.8, 'conf', 0.3, [(5, 0), (8, 0), (11, 2), (14, 2), (17, 2), (20, 2), (23, 2), (26, 4), (29, 4)]
'support', 0.8, 'conf', 0.4, [(5, 0), (8, 0), (11, 2), (14, 2), (17, 2), (20, 2), (23, 2), (26, 4), (29, 4)]
'support', 0.8, 'conf', 0.5, [(5, 0), (8, 0), (11, 2), (14, 2), (17, 2), (20, 2), (23, 2), (26, 4), (29, 4)]
'support', 0.8, 'conf', 0.6, [(5, 0), (8, 0), (11, 2), (14, 2), (17, 2), (20, 2), (23, 2), (26, 4), (29, 4)]
'support', 0.8, 'conf', 0.7, [(5, 0), (8, 0), (11, 2), (14, 2), (17, 2), (20, 2), (23, 2), (26, 4), (29, 4)]
'support', 0.8, 'conf', 0.8, [(5, 0), (8, 0), (11, 2), (14, 2), (17, 2), (20, 2), (23, 2), (26, 4), (29, 4)]
'support', 0.8, 'conf', 0.9, [(5, 0), (8, 0), (11, 2), (14, 2), (17, 2), (20, 2), (23, 2), (26, 4), (29, 4)]
'support', 0.9, 'conf', 0.1, [(5, 0), (8, 0), (11, 2), (14, 2), (17, 2), (20, 2), (23, 2), (26, 3), (29, 3)]
'support', 0.9, 'conf', 0.2, [(5, 0), (8, 0), (11, 2), (14, 2), (17, 2), (20, 2), (23, 2), (26, 3), (29, 3)]
'support', 0.9, 'conf', 0.3, [(5, 0), (8, 0), (11, 2), (14, 2), (17, 2), (20, 2), (23, 2), (26, 3), (29, 3)]
'support', 0.9, 'conf', 0.4, [(5, 0), (8, 0), (11, 2), (14, 2), (17, 2), (20, 2), (23, 2), (26, 3), (29, 3)]
'support', 0.9, 'conf', 0.5, [(5, 0), (8, 0), (11, 2), (14, 2), (17, 2), (20, 2), (23, 2), (26, 3), (29, 3)]
'support', 0.9, 'conf', 0.6, [(5, 0), (8, 0), (11, 2), (14, 2), (17, 2), (20, 2), (23, 2), (26, 3), (29, 3)]
'support', 0.9, 'conf', 0.7, [(5, 0), (8, 0), (11, 2), (14, 2), (17, 2), (20, 2), (23, 2), (26, 3), (29, 3)]
'support', 0.9, 'conf', 0.8, [(5, 0), (8, 0), (11, 2), (14, 2), (17, 2), (20, 2), (23, 2), (26, 3), (29, 3)]
'support', 0.9, 'conf', 0.9, [(5, 0), (8, 0), (11, 2), (14, 2), (17, 2), (20, 2), (23, 2), (26, 3), (29, 3)]


Append ResultsClear Results
('support', 0.1, 'conf', 0.1, [(30, 27), (33, 30), (36, 33), (39, 36), (42, 39), (45, 42), (48, 44), (51, 47), (54, 50), (57, 51)])
('support', 0.1, 'conf', 0.2, [(30, 27), (33, 30), (36, 33), (39, 36), (42, 39), (45, 42), (48, 44), (51, 47), (54, 50), (57, 51)])
('support', 0.1, 'conf', 0.3, [(30, 27), (33, 30), (36, 33), (39, 36), (42, 39), (45, 42), (48, 44), (51, 47), (54, 50), (57, 51)])
('support', 0.1, 'conf', 0.4, [(30, 27), (33, 30), (36, 33), (39, 36), (42, 39), (45, 42), (48, 44), (51, 47), (54, 50), (57, 51)])
('support', 0.1, 'conf', 0.5, [(30, 27), (33, 30), (36, 33), (39, 36), (42, 39), (45, 42), (48, 44), (51, 47), (54, 50), (57, 51)])
('support', 0.1, 'conf', 0.6, [(30, 27), (33, 30), (36, 33), (39, 36), (42, 39), (45, 42), (48, 44), (51, 47), (54, 50), (57, 51)])
('support', 0.1, 'conf', 0.7, [(30, 27), (33, 30), (36, 33), (39, 35), (42, 38), (45, 41), (48, 43), (51, 46), (54, 49), (57, 50)])
('support', 0.1, 'conf', 0.8, [(30, 25), (33, 28), (36, 31), (39, 34), (42, 37), (45, 40), (48, 43), (51, 46), (54, 49), (57, 50)])
('support', 0.1, 'conf', 0.9, [(30, 22), (33, 25), (36, 28), (39, 31), (42, 34), (45, 39), (48, 42), (51, 45), (54, 48), (57, 49)])
('support', 0.2, 'conf', 0.1, [(30, 25), (33, 29), (36, 32), (39, 34), (42, 37), (45, 40), (48, 42), (51, 45), (54, 48), (57, 48)])
('support', 0.2, 'conf', 0.2, [(30, 25), (33, 29), (36, 32), (39, 34), (42, 37), (45, 40), (48, 42), (51, 45), (54, 48), (57, 48)])
('support', 0.2, 'conf', 0.3, [(30, 25), (33, 29), (36, 32), (39, 34), (42, 37), (45, 40), (48, 42), (51, 45), (54, 48), (57, 48)])
('support', 0.2, 'conf', 0.4, [(30, 25), (33, 29), (36, 32), (39, 34), (42, 37), (45, 40), (48, 42), (51, 45), (54, 48), (57, 48)])
('support', 0.2, 'conf', 0.5, [(30, 25), (33, 29), (36, 32), (39, 34), (42, 37), (45, 40), (48, 42), (51, 45), (54, 48), (57, 48)])
('support', 0.2, 'conf', 0.6, [(30, 25), (33, 28), (36, 31), (39, 33), (42, 36), (45, 39), (48, 41), (51, 44), (54, 47), (57, 47)])
('support', 0.2, 'conf', 0.7, [(30, 24), (33, 27), (36, 30), (39, 32), (42, 35), (45, 38), (48, 40), (51, 43), (54, 46), (57, 46)])
('support', 0.2, 'conf', 0.8, [(30, 22), (33, 26), (36, 29), (39, 32), (42, 35), (45, 38), (48, 40), (51, 43), (54, 46), (57, 46)])
('support', 0.2, 'conf', 0.9, [(30, 19), (33, 23), (36, 26), (39, 29), (42, 32), (45, 35), (48, 38), (51, 41), (54, 44), (57, 44)])
('support', 0.3, 'conf', 0.1, [(30, 21), (33, 24), (36, 27), (39, 30), (42, 33), (45, 36), (48, 37), (51, 39), (54, 43), (57, 43)])
('support', 0.3, 'conf', 0.2, [(30, 21), (33, 24), (36, 27), (39, 30), (42, 33), (45, 36), (48, 37), (51, 39), (54, 43), (57, 43)])
('support', 0.3, 'conf', 0.3, [(30, 21), (33, 24), (36, 27), (39, 30), (42, 33), (45, 36), (48, 37), (51, 39), (54, 43), (57, 43)])
('support', 0.3, 'conf', 0.4, [(30, 21), (33, 24), (36, 27), (39, 30), (42, 33), (45, 36), (48, 37), (51, 39), (54, 43), (57, 43)])
('support', 0.3, 'conf', 0.5, [(30, 21), (33, 24), (36, 27), (39, 30), (42, 33), (45, 36), (48, 37), (51, 39), (54, 43), (57, 43)])
('support', 0.3, 'conf', 0.6, [(30, 21), (33, 24), (36, 27), (39, 30), (42, 33), (45, 36), (48, 37), (51, 39), (54, 43), (57, 43)])
('support', 0.3, 'conf', 0.7, [(30, 20), (33, 23), (36, 26), (39, 29), (42, 32), (45, 35), (48, 36), (51, 38), (54, 42), (57, 42)])
('support', 0.3, 'conf', 0.8, [(30, 19), (33, 22), (36, 25), (39, 28), (42, 31), (45, 35), (48, 36), (51, 38), (54, 42), (57, 42)])
('support', 0.3, 'conf', 0.9, [(30, 16), (33, 18), (36, 21), (39, 24), (42, 27), (45, 29), (48, 30), (51, 31), (54, 35), (57, 35)])
('support', 0.4, 'conf', 0.1, [(30, 17), (33, 20), (36, 22), (39, 23), (42, 25), (45, 28), (48, 30), (51, 32), (54, 35), (57, 35)])
('support', 0.4, 'conf', 0.2, [(30, 17), (33, 20), (36, 22), (39, 23), (42, 25), (45, 28), (48, 30), (51, 32), (54, 35), (57, 35)])
('support', 0.4, 'conf', 0.3, [(30, 17), (33, 20), (36, 22), (39, 23), (42, 25), (45, 28), (48, 30), (51, 32), (54, 35), (57, 35)])
('support', 0.4, 'conf', 0.4, [(30, 17), (33, 20), (36, 22), (39, 23), (42, 25), (45, 28), (48, 30), (51, 32), (54, 35), (57, 35)])
('support', 0.4, 'conf', 0.5, [(30, 17), (33, 20), (36, 22), (39, 23), (42, 25), (45, 28), (48, 30), (51, 32), (54, 35), (57, 35)])
('support', 0.4, 'conf', 0.6, [(30, 17), (33, 20), (36, 22), (39, 23), (42, 25), (45, 28), (48, 30), (51, 32), (54, 35), (57, 35)])
('support', 0.4, 'conf', 0.7, [(30, 17), (33, 20), (36, 22), (39, 23), (42, 25), (45, 28), (48, 30), (51, 32), (54, 35), (57, 35)])
('support', 0.4, 'conf', 0.8, [(30, 16), (33, 19), (36, 21), (39, 22), (42, 24), (45, 27), (48, 29), (51, 31), (54, 34), (57, 34)])
('support', 0.4, 'conf', 0.9, [(30, 14), (33, 16), (36, 18), (39, 19), (42, 21), (45, 22), (48, 23), (51, 25), (54, 28), (57, 28)])
('support', 0.5, 'conf', 0.1, [(30, 11), (33, 13), (36, 16), (39, 17), (42, 19), (45, 23), (48, 25), (51, 27), (54, 29), (57, 29)])
('support', 0.5, 'conf', 0.2, [(30, 11), (33, 13), (36, 16), (39, 17), (42, 19), (45, 23), (48, 25), (51, 27), (54, 29), (57, 29)])
('support', 0.5, 'conf', 0.3, [(30, 11), (33, 13), (36, 16), (39, 17), (42, 19), (45, 23), (48, 25), (51, 27), (54, 29), (57, 29)])
('support', 0.5, 'conf', 0.4, [(30, 11), (33, 13), (36, 16), (39, 17), (42, 19), (45, 23), (48, 25), (51, 27), (54, 29), (57, 29)])
('support', 0.5, 'conf', 0.5, [(30, 11), (33, 13), (36, 16), (39, 17), (42, 19), (45, 23), (48, 25), (51, 27), (54, 29), (57, 29)])
('support', 0.5, 'conf', 0.6, [(30, 11), (33, 13), (36, 16), (39, 17), (42, 19), (45, 23), (48, 25), (51, 27), (54, 29), (57, 29)])
('support', 0.5, 'conf', 0.7, [(30, 11), (33, 13), (36, 16), (39, 17), (42, 19), (45, 22), (48, 24), (51, 26), (54, 28), (57, 28)])
('support', 0.5, 'conf', 0.8, [(30, 11), (33, 13), (36, 16), (39, 17), (42, 19), (45, 21), (48, 23), (51, 25), (54, 27), (57, 27)])
('support', 0.5, 'conf', 0.9, [(30, 9), (33, 10), (36, 12), (39, 13), (42, 15), (45, 17), (48, 18), (51, 20), (54, 22), (57, 22)])
('support', 0.6, 'conf', 0.1, [(30, 8), (33, 8), (36, 11), (39, 12), (42, 14), (45, 16), (48, 19), (51, 19), (54, 20), (57, 21)])
('support', 0.6, 'conf', 0.2, [(30, 8), (33, 8), (36, 11), (39, 12), (42, 14), (45, 16), (48, 19), (51, 19), (54, 20), (57, 21)])
('support', 0.6, 'conf', 0.3, [(30, 8), (33, 8), (36, 11), (39, 12), (42, 14), (45, 16), (48, 19), (51, 19), (54, 20), (57, 21)])
('support', 0.6, 'conf', 0.4, [(30, 8), (33, 8), (36, 11), (39, 12), (42, 14), (45, 16), (48, 19), (51, 19), (54, 20), (57, 21)])
('support', 0.6, 'conf', 0.5, [(30, 8), (33, 8), (36, 11), (39, 12), (42, 14), (45, 16), (48, 19), (51, 19), (54, 20), (57, 21)])
('support', 0.6, 'conf', 0.6, [(30, 8), (33, 8), (36, 11), (39, 12), (42, 14), (45, 16), (48, 19), (51, 19), (54, 20), (57, 21)])
('support', 0.6, 'conf', 0.7, [(30, 8), (33, 8), (36, 11), (39, 12), (42, 14), (45, 16), (48, 19), (51, 19), (54, 20), (57, 21)])
('support', 0.6, 'conf', 0.8, [(30, 8), (33, 8), (36, 11), (39, 12), (42, 14), (45, 16), (48, 19), (51, 19), (54, 20), (57, 21)])
('support', 0.6, 'conf', 0.9, [(30, 6), (33, 6), (36, 9), (39, 10), (42, 12), (45, 13), (48, 15), (51, 15), (54, 15), (57, 16)])
('support', 0.7, 'conf', 0.1, [(30, 7), (33, 7), (36, 9), (39, 10), (42, 12), (45, 13), (48, 15), (51, 15), (54, 15), (57, 16)])
('support', 0.7, 'conf', 0.2, [(30, 7), (33, 7), (36, 9), (39, 10), (42, 12), (45, 13), (48, 15), (51, 15), (54, 15), (57, 16)])
('support', 0.7, 'conf', 0.3, [(30, 7), (33, 7), (36, 9), (39, 10), (42, 12), (45, 13), (48, 15), (51, 15), (54, 15), (57, 16)])
('support', 0.7, 'conf', 0.4, [(30, 7), (33, 7), (36, 9), (39, 10), (42, 12), (45, 13), (48, 15), (51, 15), (54, 15), (57, 16)])
('support', 0.7, 'conf', 0.5, [(30, 7), (33, 7), (36, 9), (39, 10), (42, 12), (45, 13), (48, 15), (51, 15), (54, 15), (57, 16)])
('support', 0.7, 'conf', 0.6, [(30, 7), (33, 7), (36, 9), (39, 10), (42, 12), (45, 13), (48, 15), (51, 15), (54, 15), (57, 16)])
('support', 0.7, 'conf', 0.7, [(30, 7), (33, 7), (36, 9), (39, 10), (42, 12), (45, 13), (48, 15), (51, 15), (54, 15), (57, 16)])
('support', 0.7, 'conf', 0.8, [(30, 7), (33, 7), (36, 9), (39, 10), (42, 12), (45, 13), (48, 15), (51, 15), (54, 15), (57, 16)])
('support', 0.7, 'conf', 0.9, [(30, 6), (33, 6), (36, 8), (39, 9), (42, 11), (45, 12), (48, 14), (51, 14), (54, 14), (57, 15)])
('support', 0.8, 'conf', 0.1, [(30, 5), (33, 5), (36, 7), (39, 8), (42, 10), (45, 11), (48, 12), (51, 12), (54, 12), (57, 13)])
('support', 0.8, 'conf', 0.2, [(30, 5), (33, 5), (36, 7), (39, 8), (42, 10), (45, 11), (48, 12), (51, 12), (54, 12), (57, 13)])
('support', 0.8, 'conf', 0.3, [(30, 5), (33, 5), (36, 7), (39, 8), (42, 10), (45, 11), (48, 12), (51, 12), (54, 12), (57, 13)])
('support', 0.8, 'conf', 0.4, [(30, 5), (33, 5), (36, 7), (39, 8), (42, 10), (45, 11), (48, 12), (51, 12), (54, 12), (57, 13)])
('support', 0.8, 'conf', 0.5, [(30, 5), (33, 5), (36, 7), (39, 8), (42, 10), (45, 11), (48, 12), (51, 12), (54, 12), (57, 13)])
('support', 0.8, 'conf', 0.6, [(30, 5), (33, 5), (36, 7), (39, 8), (42, 10), (45, 11), (48, 12), (51, 12), (54, 12), (57, 13)])
('support', 0.8, 'conf', 0.7, [(30, 5), (33, 5), (36, 7), (39, 8), (42, 10), (45, 11), (48, 12), (51, 12), (54, 12), (57, 13)])
('support', 0.8, 'conf', 0.8, [(30, 5), (33, 5), (36, 7), (39, 8), (42, 10), (45, 11), (48, 12), (51, 12), (54, 12), (57, 13)])
('support', 0.8, 'conf', 0.9, [(30, 5), (33, 5), (36, 7), (39, 8), (42, 10), (45, 11), (48, 12), (51, 12), (54, 12), (57, 13)])
('support', 0.9, 'conf', 0.1, [(30, 4), (33, 4), (36, 4), (39, 4), (42, 6), (45, 7), (48, 7), (51, 7), (54, 8), (57, 9)])
('support', 0.9, 'conf', 0.2, [(30, 4), (33, 4), (36, 4), (39, 4), (42, 6), (45, 7), (48, 7), (51, 7), (54, 8), (57, 9)])
('support', 0.9, 'conf', 0.3, [(30, 4), (33, 4), (36, 4), (39, 4), (42, 6), (45, 7), (48, 7), (51, 7), (54, 8), (57, 9)])
('support', 0.9, 'conf', 0.4, [(30, 4), (33, 4), (36, 4), (39, 4), (42, 6), (45, 7), (48, 7), (51, 7), (54, 8), (57, 9)])
('support', 0.9, 'conf', 0.5, [(30, 4), (33, 4), (36, 4), (39, 4), (42, 6), (45, 7), (48, 7), (51, 7), (54, 8), (57, 9)])
('support', 0.9, 'conf', 0.6, [(30, 4), (33, 4), (36, 4), (39, 4), (42, 6), (45, 7), (48, 7), (51, 7), (54, 8), (57, 9)])
('support', 0.9, 'conf', 0.7, [(30, 4), (33, 4), (36, 4), (39, 4), (42, 6), (45, 7), (48, 7), (51, 7), (54, 8), (57, 9)])
('support', 0.9, 'conf', 0.8, [(30, 4), (33, 4), (36, 4), (39, 4), (42, 6), (45, 7), (48, 7), (51, 7), (54, 8), (57, 9)])
('support', 0.9, 'conf', 0.9, [(30, 4), (33, 4), (36, 4), (39, 4), (42, 6), (45, 7), (48, 7), (51, 7), (54, 8), (57, 9)])


support 0.1 conf 0.4 [(30, 27), (35, 32), (40, 37), (45, 42), (50, 46), (55, 50)]
support 0.1 conf 0.5 [(30, 27), (35, 32), (40, 37), (45, 42), (50, 46), (55, 50)]
support 0.1 conf 0.6 [(30, 27), (35, 32), (40, 37), (45, 42), (50, 46), (55, 50)]
support 0.1 conf 0.7 [(30, 27), (35, 32), (40, 36), (45, 41), (50, 45), (55, 49)]
support 0.1 conf 0.8 [(30, 25), (35, 30), (40, 35), (45, 40), (50, 45), (55, 49)]
support 0.1 conf 0.9 [(30, 22), (35, 27), (40, 32), (45, 39), (50, 44), (55, 48)]
support 0.2 conf 0.1 [(30, 25), (35, 31), (40, 35), (45, 40), (50, 44), (55, 48)]
support 0.2 conf 0.2 [(30, 25), (35, 31), (40, 35), (45, 40), (50, 44), (55, 48)]
support 0.2 conf 0.3 [(30, 25), (35, 31), (40, 35), (45, 40), (50, 44), (55, 48)]
support 0.2 conf 0.4 [(30, 25), (35, 31), (40, 35), (45, 40), (50, 44), (55, 48)]
support 0.2 conf 0.5 [(30, 25), (35, 31), (40, 35), (45, 40), (50, 44), (55, 48)]
support 0.2 conf 0.6 [(30, 25), (35, 30), (40, 34), (45, 39), (50, 43), (55, 47)]
support 0.2 conf 0.7 [(30, 24), (35, 29), (40, 33), (45, 38), (50, 42), (55, 46)]
support 0.2 conf 0.8 [(30, 22), (35, 28), (40, 33), (45, 38), (50, 42), (55, 46)]
support 0.2 conf 0.9 [(30, 19), (35, 25), (40, 30), (45, 35), (50, 40), (55, 44)]
support 0.3 conf 0.1 [(30, 21), (35, 26), (40, 31), (45, 36), (50, 38), (55, 43)]
support 0.3 conf 0.2 [(30, 21), (35, 26), (40, 31), (45, 36), (50, 38), (55, 43)]
support 0.3 conf 0.3 [(30, 21), (35, 26), (40, 31), (45, 36), (50, 38), (55, 43)]
support 0.3 conf 0.4 [(30, 21), (35, 26), (40, 31), (45, 36), (50, 38), (55, 43)]
support 0.3 conf 0.5 [(30, 21), (35, 26), (40, 31), (45, 36), (50, 38), (55, 43)]
support 0.3 conf 0.6 [(30, 21), (35, 26), (40, 31), (45, 36), (50, 38), (55, 43)]
support 0.3 conf 0.7 [(30, 20), (35, 25), (40, 30), (45, 35), (50, 37), (55, 42)]
support 0.3 conf 0.8 [(30, 19), (35, 24), (40, 29), (45, 35), (50, 37), (55, 42)]
support 0.3 conf 0.9 [(30, 16), (35, 20), (40, 25), (45, 29), (50, 30), (55, 35)]
support 0.4 conf 0.1 [(30, 17), (35, 21), (40, 24), (45, 28), (50, 31), (55, 35)]
support 0.4 conf 0.2 [(30, 17), (35, 21), (40, 24), (45, 28), (50, 31), (55, 35)]
support 0.4 conf 0.3 [(30, 17), (35, 21), (40, 24), (45, 28), (50, 31), (55, 35)]
support 0.4 conf 0.4 [(30, 17), (35, 21), (40, 24), (45, 28), (50, 31), (55, 35)]
support 0.4 conf 0.5 [(30, 17), (35, 21), (40, 24), (45, 28), (50, 31), (55, 35)]
support 0.4 conf 0.6 [(30, 17), (35, 21), (40, 24), (45, 28), (50, 31), (55, 35)]
support 0.4 conf 0.7 [(30, 17), (35, 21), (40, 24), (45, 28), (50, 31), (55, 35)]
support 0.4 conf 0.8 [(30, 16), (35, 20), (40, 23), (45, 27), (50, 30), (55, 34)]
support 0.4 conf 0.9 [(30, 14), (35, 17), (40, 20), (45, 22), (50, 24), (55, 28)]
support 0.5 conf 0.1 [(30, 11), (35, 14), (40, 18), (45, 23), (50, 26), (55, 29)]
support 0.5 conf 0.2 [(30, 11), (35, 14), (40, 18), (45, 23), (50, 26), (55, 29)]
support 0.5 conf 0.3 [(30, 11), (35, 14), (40, 18), (45, 23), (50, 26), (55, 29)]
support 0.5 conf 0.4 [(30, 11), (35, 14), (40, 18), (45, 23), (50, 26), (55, 29)]
support 0.5 conf 0.5 [(30, 11), (35, 14), (40, 18), (45, 23), (50, 26), (55, 29)]
support 0.5 conf 0.6 [(30, 11), (35, 14), (40, 18), (45, 23), (50, 26), (55, 29)]
support 0.5 conf 0.7 [(30, 11), (35, 14), (40, 18), (45, 22), (50, 25), (55, 28)]
support 0.5 conf 0.8 [(30, 11), (35, 14), (40, 18), (45, 21), (50, 24), (55, 27)]
support 0.5 conf 0.9 [(30, 9), (35, 11), (40, 14), (45, 17), (50, 19), (55, 22)]
support 0.6 conf 0.1 [(30, 8), (35, 10), (40, 13), (45, 16), (50, 19), (55, 21)]
support 0.6 conf 0.2 [(30, 8), (35, 10), (40, 13), (45, 16), (50, 19), (55, 21)]
support 0.6 conf 0.3 [(30, 8), (35, 10), (40, 13), (45, 16), (50, 19), (55, 21)]
support 0.6 conf 0.4 [(30, 8), (35, 10), (40, 13), (45, 16), (50, 19), (55, 21)]
support 0.6 conf 0.5 [(30, 8), (35, 10), (40, 13), (45, 16), (50, 19), (55, 21)]
support 0.6 conf 0.6 [(30, 8), (35, 10), (40, 13), (45, 16), (50, 19), (55, 21)]
support 0.6 conf 0.7 [(30, 8), (35, 10), (40, 13), (45, 16), (50, 19), (55, 21)]
support 0.6 conf 0.8 [(30, 8), (35, 10), (40, 13), (45, 16), (50, 19), (55, 21)]
support 0.6 conf 0.9 [(30, 6), (35, 8), (40, 11), (45, 13), (50, 15), (55, 16)]
support 0.7 conf 0.1 [(30, 7), (35, 8), (40, 11), (45, 13), (50, 15), (55, 16)]
support 0.7 conf 0.2 [(30, 7), (35, 8), (40, 11), (45, 13), (50, 15), (55, 16)]
support 0.7 conf 0.3 [(30, 7), (35, 8), (40, 11), (45, 13), (50, 15), (55, 16)]
support 0.7 conf 0.4 [(30, 7), (35, 8), (40, 11), (45, 13), (50, 15), (55, 16)]
support 0.7 conf 0.5 [(30, 7), (35, 8), (40, 11), (45, 13), (50, 15), (55, 16)]
support 0.7 conf 0.6 [(30, 7), (35, 8), (40, 11), (45, 13), (50, 15), (55, 16)]
support 0.7 conf 0.7 [(30, 7), (35, 8), (40, 11), (45, 13), (50, 15), (55, 16)]
support 0.7 conf 0.8 [(30, 7), (35, 8), (40, 11), (45, 13), (50, 15), (55, 16)]
support 0.7 conf 0.9 [(30, 6), (35, 7), (40, 10), (45, 12), (50, 14), (55, 15)]
support 0.8 conf 0.1 [(30, 5), (35, 6), (40, 10), (45, 11), (50, 12), (55, 13)]
support 0.8 conf 0.2 [(30, 5), (35, 6), (40, 10), (45, 11), (50, 12), (55, 13)]
support 0.8 conf 0.3 [(30, 5), (35, 6), (40, 10), (45, 11), (50, 12), (55, 13)]
support 0.8 conf 0.4 [(30, 5), (35, 6), (40, 10), (45, 11), (50, 12), (55, 13)]
support 0.8 conf 0.5 [(30, 5), (35, 6), (40, 10), (45, 11), (50, 12), (55, 13)]
support 0.8 conf 0.6 [(30, 5), (35, 6), (40, 10), (45, 11), (50, 12), (55, 13)]
support 0.8 conf 0.7 [(30, 5), (35, 6), (40, 10), (45, 11), (50, 12), (55, 13)]
support 0.8 conf 0.8 [(30, 5), (35, 6), (40, 10), (45, 11), (50, 12), (55, 13)]
support 0.8 conf 0.9 [(30, 5), (35, 6), (40, 10), (45, 11), (50, 12), (55, 13)]
support 0.9 conf 0.1 [(30, 4), (35, 4), (40, 6), (45, 7), (50, 7), (55, 9)]
support 0.9 conf 0.2 [(30, 4), (35, 4), (40, 6), (45, 7), (50, 7), (55, 9)]
support 0.9 conf 0.3 [(30, 4), (35, 4), (40, 6), (45, 7), (50, 7), (55, 9)]
support 0.9 conf 0.4 [(30, 4), (35, 4), (40, 6), (45, 7), (50, 7), (55, 9)]
support 0.9 conf 0.5 [(30, 4), (35, 4), (40, 6), (45, 7), (50, 7), (55, 9)]
support 0.9 conf 0.6 [(30, 4), (35, 4), (40, 6), (45, 7), (50, 7), (55, 9)]
support 0.9 conf 0.7 [(30, 4), (35, 4), (40, 6), (45, 7), (50, 7), (55, 9)]
support 0.9 conf 0.8 [(30, 4), (35, 4), (40, 6), (45, 7), (50, 7), (55, 9)]
support 0.9 conf 0.9 [(30, 4), (35, 4), (40, 6), (45, 7), (50, 7), (55, 9)]



support 0.1 conf 0.1 [(60, 54), (65, 59), (70, 64), (75, 69), (80, 74), (85, 78), (90, 83), (95, 88)]
support 0.1 conf 0.2 [(60, 54), (65, 59), (70, 64), (75, 69), (80, 74), (85, 78), (90, 83), (95, 88)]
support 0.1 conf 0.3 [(60, 54), (65, 59), (70, 64), (75, 69), (80, 74), (85, 78), (90, 83), (95, 88)]
support 0.1 conf 0.4 [(60, 54), (65, 59), (70, 64), (75, 69), (80, 74), (85, 78), (90, 83), (95, 88)]
support 0.1 conf 0.5 [(60, 54), (65, 59), (70, 64), (75, 69), (80, 74), (85, 78), (90, 83), (95, 88)]
support 0.1 conf 0.6 [(60, 54), (65, 58), (70, 63), (75, 68), (80, 73), (85, 77), (90, 82), (95, 87)]
support 0.1 conf 0.7 [(60, 53), (65, 57), (70, 63), (75, 67), (80, 72), (85, 77), (90, 82), (95, 87)]
support 0.1 conf 0.8 [(60, 53), (65, 57), (70, 61), (75, 66), (80, 71), (85, 74), (90, 80), (95, 85)]
support 0.1 conf 0.9 [(60, 53), (65, 57), (70, 61), (75, 66), (80, 71), (85, 74), (90, 80), (95, 84)]
support 0.2 conf 0.1 [(60, 51), (65, 55), (70, 60), (75, 65), (80, 69), (85, 72), (90, 76), (95, 80)]
support 0.2 conf 0.2 [(60, 51), (65, 55), (70, 60), (75, 65), (80, 69), (85, 72), (90, 76), (95, 80)]
support 0.2 conf 0.3 [(60, 51), (65, 55), (70, 60), (75, 65), (80, 69), (85, 72), (90, 76), (95, 80)]
support 0.2 conf 0.4 [(60, 51), (65, 55), (70, 60), (75, 65), (80, 69), (85, 72), (90, 76), (95, 80)]
support 0.2 conf 0.5 [(60, 51), (65, 55), (70, 60), (75, 65), (80, 69), (85, 72), (90, 76), (95, 80)]
support 0.2 conf 0.6 [(60, 50), (65, 55), (70, 60), (75, 65), (80, 69), (85, 72), (90, 76), (95, 80)]
support 0.2 conf 0.7 [(60, 50), (65, 55), (70, 60), (75, 65), (80, 69), (85, 72), (90, 76), (95, 80)]
support 0.2 conf 0.8 [(60, 50), (65, 55), (70, 59), (75, 64), (80, 68), (85, 70), (90, 75), (95, 79)]
support 0.2 conf 0.9 [(60, 49), (65, 54), (70, 58), (75, 62), (80, 66), (85, 68), (90, 73), (95, 77)]
support 0.3 conf 0.1 [(60, 45), (65, 50), (70, 53), (75, 57), (80, 60), (85, 63), (90, 67), (95, 72)]
support 0.3 conf 0.2 [(60, 45), (65, 50), (70, 53), (75, 57), (80, 60), (85, 63), (90, 67), (95, 72)]
support 0.3 conf 0.3 [(60, 45), (65, 50), (70, 53), (75, 57), (80, 60), (85, 63), (90, 67), (95, 72)]
support 0.3 conf 0.4 [(60, 45), (65, 50), (70, 53), (75, 57), (80, 60), (85, 63), (90, 67), (95, 72)]
support 0.3 conf 0.5 [(60, 45), (65, 50), (70, 53), (75, 57), (80, 60), (85, 63), (90, 67), (95, 72)]
support 0.3 conf 0.6 [(60, 45), (65, 50), (70, 53), (75, 57), (80, 60), (85, 63), (90, 67), (95, 72)]
support 0.3 conf 0.7 [(60, 45), (65, 50), (70, 53), (75, 57), (80, 60), (85, 63), (90, 67), (95, 72)]
support 0.3 conf 0.8 [(60, 45), (65, 50), (70, 53), (75, 57), (80, 60), (85, 63), (90, 67), (95, 72)]
support 0.3 conf 0.9 [(60, 39), (65, 44), (70, 47), (75, 50), (80, 54), (85, 57), (90, 62), (95, 67)]
support 0.4 conf 0.1 [(60, 38), (65, 43), (70, 47), (75, 51), (80, 53), (85, 57), (90, 60), (95, 65)]
support 0.4 conf 0.2 [(60, 38), (65, 43), (70, 47), (75, 51), (80, 53), (85, 57), (90, 60), (95, 65)]
support 0.4 conf 0.3 [(60, 38), (65, 43), (70, 47), (75, 51), (80, 53), (85, 57), (90, 60), (95, 65)]
support 0.4 conf 0.4 [(60, 38), (65, 43), (70, 47), (75, 51), (80, 53), (85, 57), (90, 60), (95, 65)]
support 0.4 conf 0.5 [(60, 38), (65, 43), (70, 47), (75, 51), (80, 53), (85, 57), (90, 60), (95, 65)]
support 0.4 conf 0.6 [(60, 38), (65, 43), (70, 47), (75, 51), (80, 53), (85, 57), (90, 60), (95, 65)]
support 0.4 conf 0.7 [(60, 38), (65, 43), (70, 47), (75, 51), (80, 53), (85, 57), (90, 60), (95, 65)]
support 0.4 conf 0.8 [(60, 37), (65, 42), (70, 46), (75, 50), (80, 51), (85, 55), (90, 58), (95, 64)]
support 0.4 conf 0.9 [(60, 32), (65, 37), (70, 41), (75, 45), (80, 47), (85, 51), (90, 55), (95, 60)]
support 0.5 conf 0.1 [(60, 32), (65, 36), (70, 38), (75, 41), (80, 43), (85, 46), (90, 49), (95, 53)]
support 0.5 conf 0.2 [(60, 32), (65, 36), (70, 38), (75, 41), (80, 43), (85, 46), (90, 49), (95, 53)]
support 0.5 conf 0.3 [(60, 32), (65, 36), (70, 38), (75, 41), (80, 43), (85, 46), (90, 49), (95, 53)]
support 0.5 conf 0.4 [(60, 32), (65, 36), (70, 38), (75, 41), (80, 43), (85, 46), (90, 49), (95, 53)]
support 0.5 conf 0.5 [(60, 32), (65, 36), (70, 38), (75, 41), (80, 43), (85, 46), (90, 49), (95, 53)]
support 0.5 conf 0.6 [(60, 32), (65, 36), (70, 38), (75, 41), (80, 43), (85, 46), (90, 49), (95, 53)]
support 0.5 conf 0.7 [(60, 31), (65, 35), (70, 37), (75, 40), (80, 42), (85, 45), (90, 48), (95, 52)]
support 0.5 conf 0.8 [(60, 30), (65, 34), (70, 36), (75, 39), (80, 40), (85, 43), (90, 46), (95, 50)]
support 0.5 conf 0.9 [(60, 26), (65, 29), (70, 31), (75, 33), (80, 34), (85, 37), (90, 41), (95, 45)]
support 0.6 conf 0.1 [(60, 23), (65, 25), (70, 26), (75, 29), (80, 30), (85, 32), (90, 37), (95, 41)]
support 0.6 conf 0.2 [(60, 23), (65, 25), (70, 26), (75, 29), (80, 30), (85, 32), (90, 37), (95, 41)]
support 0.6 conf 0.3 [(60, 23), (65, 25), (70, 26), (75, 29), (80, 30), (85, 32), (90, 37), (95, 41)]
support 0.6 conf 0.4 [(60, 23), (65, 25), (70, 26), (75, 29), (80, 30), (85, 32), (90, 37), (95, 41)]
support 0.6 conf 0.5 [(60, 23), (65, 25), (70, 26), (75, 29), (80, 30), (85, 32), (90, 37), (95, 41)]
support 0.6 conf 0.6 [(60, 23), (65, 25), (70, 26), (75, 29), (80, 30), (85, 32), (90, 37), (95, 41)]
support 0.6 conf 0.7 [(60, 23), (65, 25), (70, 26), (75, 29), (80, 30), (85, 32), (90, 37), (95, 41)]
support 0.6 conf 0.8 [(60, 23), (65, 25), (70, 26), (75, 29), (80, 30), (85, 32), (90, 37), (95, 41)]
support 0.6 conf 0.9 [(60, 19), (65, 21), (70, 22), (75, 25), (80, 26), (85, 28), (90, 34), (95, 38)]
support 0.7 conf 0.1 [(60, 18), (65, 20), (70, 21), (75, 24), (80, 25), (85, 27), (90, 31), (95, 36)]
support 0.7 conf 0.2 [(60, 18), (65, 20), (70, 21), (75, 24), (80, 25), (85, 27), (90, 31), (95, 36)]
support 0.7 conf 0.3 [(60, 18), (65, 20), (70, 21), (75, 24), (80, 25), (85, 27), (90, 31), (95, 36)]
support 0.7 conf 0.4 [(60, 18), (65, 20), (70, 21), (75, 24), (80, 25), (85, 27), (90, 31), (95, 36)]
support 0.7 conf 0.5 [(60, 18), (65, 20), (70, 21), (75, 24), (80, 25), (85, 27), (90, 31), (95, 36)]
support 0.7 conf 0.6 [(60, 18), (65, 20), (70, 21), (75, 24), (80, 25), (85, 27), (90, 31), (95, 36)]
support 0.7 conf 0.7 [(60, 18), (65, 20), (70, 21), (75, 24), (80, 25), (85, 27), (90, 31), (95, 36)]
support 0.7 conf 0.8 [(60, 18), (65, 20), (70, 21), (75, 24), (80, 25), (85, 27), (90, 31), (95, 36)]
support 0.7 conf 0.9 [(60, 17), (65, 19), (70, 20), (75, 22), (80, 23), (85, 25), (90, 30), (95, 35)]
support 0.8 conf 0.1 [(60, 15), (65, 18), (70, 19), (75, 20), (80, 21), (85, 23), (90, 26), (95, 31)]
support 0.8 conf 0.2 [(60, 15), (65, 18), (70, 19), (75, 20), (80, 21), (85, 23), (90, 26), (95, 31)]
support 0.8 conf 0.3 [(60, 15), (65, 18), (70, 19), (75, 20), (80, 21), (85, 23), (90, 26), (95, 31)]
support 0.8 conf 0.4 [(60, 15), (65, 18), (70, 19), (75, 20), (80, 21), (85, 23), (90, 26), (95, 31)]
support 0.8 conf 0.5 [(60, 15), (65, 18), (70, 19), (75, 20), (80, 21), (85, 23), (90, 26), (95, 31)]
support 0.8 conf 0.6 [(60, 15), (65, 18), (70, 19), (75, 20), (80, 21), (85, 23), (90, 26), (95, 31)]
support 0.8 conf 0.7 [(60, 15), (65, 18), (70, 19), (75, 20), (80, 21), (85, 23), (90, 26), (95, 31)]
support 0.8 conf 0.8 [(60, 15), (65, 18), (70, 19), (75, 20), (80, 21), (85, 23), (90, 26), (95, 31)]
support 0.8 conf 0.9 [(60, 15), (65, 18), (70, 19), (75, 20), (80, 21), (85, 23), (90, 26), (95, 31)]
support 0.9 conf 0.1 [(60, 9), (65, 10), (70, 11), (75, 11), (80, 11), (85, 12), (90, 15), (95, 18)]
support 0.9 conf 0.2 [(60, 9), (65, 10), (70, 11), (75, 11), (80, 11), (85, 12), (90, 15), (95, 18)]
support 0.9 conf 0.3 [(60, 9), (65, 10), (70, 11), (75, 11), (80, 11), (85, 12), (90, 15), (95, 18)]
support 0.9 conf 0.4 [(60, 9), (65, 10), (70, 11), (75, 11), (80, 11), (85, 12), (90, 15), (95, 18)]
support 0.9 conf 0.5 [(60, 9), (65, 10), (70, 11), (75, 11), (80, 11), (85, 12), (90, 15), (95, 18)]
support 0.9 conf 0.6 [(60, 9), (65, 10), (70, 11), (75, 11), (80, 11), (85, 12), (90, 15), (95, 18)]
support 0.9 conf 0.7 [(60, 9), (65, 10), (70, 11), (75, 11), (80, 11), (85, 12), (90, 15), (95, 18)]
support 0.9 conf 0.8 [(60, 9), (65, 10), (70, 11), (75, 11), (80, 11), (85, 12), (90, 15), (95, 18)]
support 0.9 conf 0.9 [(60, 9), (65, 10), (70, 11), (75, 11), (80, 11), (85, 12), (90, 15), (95, 18)]


support 0.1 conf 0.1 [(100, 93), (105, 98), (110, 102), (115, 107), (120, 110), (125, 115)]
support 0.1 conf 0.2 [(100, 93), (105, 98), (110, 102), (115, 107), (120, 110), (125, 115)]
support 0.1 conf 0.3 [(100, 93), (105, 98), (110, 102), (115, 107), (120, 110), (125, 115)]
support 0.1 conf 0.4 [(100, 93), (105, 98), (110, 102), (115, 107), (120, 110), (125, 115)]
support 0.1 conf 0.5 [(100, 93), (105, 98), (110, 102), (115, 107), (120, 110), (125, 115)]
support 0.1 conf 0.6 [(100, 92), (105, 97), (110, 101), (115, 106), (120, 110), (125, 115)]
support 0.1 conf 0.7 [(100, 92), (105, 97), (110, 101), (115, 106), (120, 110), (125, 115)]
support 0.1 conf 0.8 [(100, 90), (105, 95), (110, 99), (115, 104), (120, 108), (125, 114)]
support 0.1 conf 0.9 [(100, 89), (105, 94), (110, 98), (115, 103), (120, 107), (125, 113)]
support 0.2 conf 0.1 [(100, 85), (105, 89), (110, 94), (115, 98), (120, 102), (125, 108)]
support 0.2 conf 0.2 [(100, 85), (105, 89), (110, 94), (115, 98), (120, 102), (125, 108)]
support 0.2 conf 0.3 [(100, 85), (105, 89), (110, 94), (115, 98), (120, 102), (125, 108)]
support 0.2 conf 0.4 [(100, 85), (105, 89), (110, 94), (115, 98), (120, 102), (125, 108)]
support 0.2 conf 0.5 [(100, 85), (105, 89), (110, 94), (115, 98), (120, 102), (125, 108)]
support 0.2 conf 0.6 [(100, 85), (105, 89), (110, 94), (115, 98), (120, 102), (125, 108)]
support 0.2 conf 0.7 [(100, 85), (105, 89), (110, 94), (115, 98), (120, 102), (125, 107)]
support 0.2 conf 0.8 [(100, 83), (105, 87), (110, 93), (115, 97), (120, 101), (125, 107)]
support 0.2 conf 0.9 [(100, 82), (105, 86), (110, 92), (115, 96), (120, 100), (125, 106)]
support 0.3 conf 0.1 [(100, 76), (105, 79), (110, 83), (115, 86), (120, 91), (125, 96)]
support 0.3 conf 0.2 [(100, 76), (105, 79), (110, 83), (115, 86), (120, 91), (125, 96)]
support 0.3 conf 0.3 [(100, 76), (105, 79), (110, 83), (115, 86), (120, 91), (125, 96)]
support 0.3 conf 0.4 [(100, 76), (105, 79), (110, 83), (115, 86), (120, 91), (125, 96)]
support 0.3 conf 0.5 [(100, 76), (105, 79), (110, 83), (115, 86), (120, 91), (125, 96)]
support 0.3 conf 0.6 [(100, 76), (105, 79), (110, 83), (115, 86), (120, 91), (125, 96)]
support 0.3 conf 0.7 [(100, 76), (105, 79), (110, 83), (115, 86), (120, 91), (125, 96)]
support 0.3 conf 0.8 [(100, 76), (105, 79), (110, 83), (115, 86), (120, 91), (125, 96)]
support 0.3 conf 0.9 [(100, 73), (105, 76), (110, 80), (115, 83), (120, 88), (125, 93)]
support 0.4 conf 0.1 [(100, 69), (105, 72), (110, 76), (115, 79), (120, 84), (125, 90)]
support 0.4 conf 0.2 [(100, 69), (105, 72), (110, 76), (115, 79), (120, 84), (125, 90)]
support 0.4 conf 0.3 [(100, 69), (105, 72), (110, 76), (115, 79), (120, 84), (125, 90)]
support 0.4 conf 0.4 [(100, 69), (105, 72), (110, 76), (115, 79), (120, 84), (125, 90)]
support 0.4 conf 0.5 [(100, 69), (105, 72), (110, 76), (115, 79), (120, 84), (125, 90)]
support 0.4 conf 0.6 [(100, 69), (105, 72), (110, 76), (115, 79), (120, 84), (125, 90)]
support 0.4 conf 0.7 [(100, 69), (105, 72), (110, 76), (115, 79), (120, 84), (125, 90)]
support 0.4 conf 0.8 [(100, 69), (105, 72), (110, 76), (115, 79), (120, 84), (125, 90)]
support 0.4 conf 0.9 [(100, 66), (105, 69), (110, 73), (115, 76), (120, 81), (125, 87)]
support 0.5 conf 0.1 [(100, 57), (105, 59), (110, 62), (115, 65), (120, 70), (125, 74)]
support 0.5 conf 0.2 [(100, 57), (105, 59), (110, 62), (115, 65), (120, 70), (125, 74)]
support 0.5 conf 0.3 [(100, 57), (105, 59), (110, 62), (115, 65), (120, 70), (125, 74)]
support 0.5 conf 0.4 [(100, 57), (105, 59), (110, 62), (115, 65), (120, 70), (125, 74)]
support 0.5 conf 0.5 [(100, 57), (105, 59), (110, 62), (115, 65), (120, 70), (125, 74)]
support 0.5 conf 0.6 [(100, 57), (105, 59), (110, 62), (115, 65), (120, 70), (125, 74)]
support 0.5 conf 0.7 [(100, 57), (105, 59), (110, 62), (115, 65), (120, 70), (125, 74)]
support 0.5 conf 0.8 [(100, 56), (105, 58), (110, 61), (115, 64), (120, 69), (125, 73)]
support 0.5 conf 0.9 [(100, 51), (105, 54), (110, 57), (115, 59), (120, 64), (125, 68)]
support 0.6 conf 0.1 [(100, 46), (105, 49), (110, 51), (115, 54), (120, 58), (125, 61)]
support 0.6 conf 0.2 [(100, 46), (105, 49), (110, 51), (115, 54), (120, 58), (125, 61)]
support 0.6 conf 0.3 [(100, 46), (105, 49), (110, 51), (115, 54), (120, 58), (125, 61)]
support 0.6 conf 0.4 [(100, 46), (105, 49), (110, 51), (115, 54), (120, 58), (125, 61)]
support 0.6 conf 0.5 [(100, 46), (105, 49), (110, 51), (115, 54), (120, 58), (125, 61)]
support 0.6 conf 0.6 [(100, 46), (105, 49), (110, 51), (115, 54), (120, 58), (125, 61)]
support 0.6 conf 0.7 [(100, 46), (105, 49), (110, 51), (115, 54), (120, 58), (125, 61)]
support 0.6 conf 0.8 [(100, 46), (105, 49), (110, 51), (115, 54), (120, 58), (125, 61)]
support 0.6 conf 0.9 [(100, 43), (105, 46), (110, 48), (115, 51), (120, 55), (125, 58)]
support 0.7 conf 0.1 [(100, 39), (105, 42), (110, 43), (115, 47), (120, 51), (125, 54)]
support 0.7 conf 0.2 [(100, 39), (105, 42), (110, 43), (115, 47), (120, 51), (125, 54)]
support 0.7 conf 0.3 [(100, 39), (105, 42), (110, 43), (115, 47), (120, 51), (125, 54)]
support 0.7 conf 0.4 [(100, 39), (105, 42), (110, 43), (115, 47), (120, 51), (125, 54)]
support 0.7 conf 0.5 [(100, 39), (105, 42), (110, 43), (115, 47), (120, 51), (125, 54)]
support 0.7 conf 0.6 [(100, 39), (105, 42), (110, 43), (115, 47), (120, 51), (125, 54)]
support 0.7 conf 0.7 [(100, 39), (105, 42), (110, 43), (115, 47), (120, 51), (125, 54)]
support 0.7 conf 0.8 [(100, 39), (105, 42), (110, 43), (115, 47), (120, 51), (125, 54)]
support 0.7 conf 0.9 [(100, 38), (105, 42), (110, 43), (115, 47), (120, 51), (125, 54)]
support 0.8 conf 0.1 [(100, 33), (105, 36), (110, 37), (115, 38), (120, 39), (125, 40)]
support 0.8 conf 0.2 [(100, 33), (105, 36), (110, 37), (115, 38), (120, 39), (125, 40)]
support 0.8 conf 0.3 [(100, 33), (105, 36), (110, 37), (115, 38), (120, 39), (125, 40)]
support 0.8 conf 0.4 [(100, 33), (105, 36), (110, 37), (115, 38), (120, 39), (125, 40)]
support 0.8 conf 0.5 [(100, 33), (105, 36), (110, 37), (115, 38), (120, 39), (125, 40)]
support 0.8 conf 0.6 [(100, 33), (105, 36), (110, 37), (115, 38), (120, 39), (125, 40)]
support 0.8 conf 0.7 [(100, 33), (105, 36), (110, 37), (115, 38), (120, 39), (125, 40)]
support 0.8 conf 0.8 [(100, 33), (105, 36), (110, 37), (115, 38), (120, 39), (125, 40)]
support 0.8 conf 0.9 [(100, 33), (105, 36), (110, 37), (115, 38), (120, 39), (125, 40)]
support 0.9 conf 0.1 [(100, 19), (105, 20), (110, 21), (115, 23), (120, 25), (125, 26)]
support 0.9 conf 0.2 [(100, 19), (105, 20), (110, 21), (115, 23), (120, 25), (125, 26)]
support 0.9 conf 0.3 [(100, 19), (105, 20), (110, 21), (115, 23), (120, 25), (125, 26)]
support 0.9 conf 0.4 [(100, 19), (105, 20), (110, 21), (115, 23), (120, 25), (125, 26)]
support 0.9 conf 0.5 [(100, 19), (105, 20), (110, 21), (115, 23), (120, 25), (125, 26)]
support 0.9 conf 0.6 [(100, 19), (105, 20), (110, 21), (115, 23), (120, 25), (125, 26)]
support 0.9 conf 0.7 [(100, 19), (105, 20), (110, 21), (115, 23), (120, 25), (125, 26)]
support 0.9 conf 0.8 [(100, 19), (105, 20), (110, 21), (115, 23), (120, 25), (125, 26)]
support 0.9 conf 0.9 [(100, 19), (105, 20), (110, 21), (115, 23), (120, 25), (125, 26)]


support 0.1 conf 0.1 [(130, 120), (135, 125), (140, 130), (145, 135), (150, 140), (155, 145)]
support 0.1 conf 0.2 [(130, 120), (135, 125), (140, 130), (145, 135), (150, 140), (155, 145)]
support 0.1 conf 0.3 [(130, 120), (135, 125), (140, 130), (145, 135), (150, 140), (155, 145)]
support 0.1 conf 0.4 [(130, 120), (135, 125), (140, 130), (145, 135), (150, 140), (155, 145)]
support 0.1 conf 0.5 [(130, 120), (135, 125), (140, 130), (145, 135), (150, 140), (155, 145)]
support 0.1 conf 0.6 [(130, 120), (135, 124), (140, 129), (145, 134), (150, 140), (155, 145)]
support 0.1 conf 0.7 [(130, 120), (135, 124), (140, 129), (145, 134), (150, 140), (155, 145)]
support 0.1 conf 0.8 [(130, 119), (135, 123), (140, 127), (145, 132), (150, 138), (155, 143)]
support 0.1 conf 0.9 [(130, 118), (135, 122), (140, 127), (145, 132), (150, 137), (155, 142)]
support 0.2 conf 0.1 [(130, 113), (135, 117), (140, 122), (145, 127), (150, 132), (155, 137)]
support 0.2 conf 0.2 [(130, 113), (135, 117), (140, 122), (145, 127), (150, 132), (155, 137)]
support 0.2 conf 0.3 [(130, 113), (135, 117), (140, 122), (145, 127), (150, 132), (155, 137)]
support 0.2 conf 0.4 [(130, 113), (135, 117), (140, 122), (145, 127), (150, 132), (155, 137)]
support 0.2 conf 0.5 [(130, 113), (135, 117), (140, 122), (145, 127), (150, 132), (155, 137)]
support 0.2 conf 0.6 [(130, 113), (135, 117), (140, 121), (145, 126), (150, 131), (155, 136)]
support 0.2 conf 0.7 [(130, 112), (135, 116), (140, 120), (145, 125), (150, 131), (155, 136)]
support 0.2 conf 0.8 [(130, 112), (135, 116), (140, 120), (145, 125), (150, 131), (155, 136)]
support 0.2 conf 0.9 [(130, 111), (135, 115), (140, 119), (145, 124), (150, 130), (155, 135)]
support 0.3 conf 0.1 [(130, 100), (135, 104), (140, 107), (145, 112), (150, 117), (155, 121)]
support 0.3 conf 0.2 [(130, 100), (135, 104), (140, 107), (145, 112), (150, 117), (155, 121)]
support 0.3 conf 0.3 [(130, 100), (135, 104), (140, 107), (145, 112), (150, 117), (155, 121)]
support 0.3 conf 0.4 [(130, 100), (135, 104), (140, 107), (145, 112), (150, 117), (155, 121)]
support 0.3 conf 0.5 [(130, 100), (135, 104), (140, 107), (145, 112), (150, 117), (155, 121)]
support 0.3 conf 0.6 [(130, 100), (135, 104), (140, 107), (145, 112), (150, 117), (155, 121)]
support 0.3 conf 0.7 [(130, 100), (135, 104), (140, 107), (145, 112), (150, 117), (155, 121)]
support 0.3 conf 0.8 [(130, 100), (135, 104), (140, 107), (145, 112), (150, 117), (155, 121)]
support 0.3 conf 0.9 [(130, 97), (135, 102), (140, 105), (145, 110), (150, 114), (155, 119)]
support 0.4 conf 0.1 [(130, 95), (135, 99), (140, 102), (145, 107), (150, 111), (155, 115)]
support 0.4 conf 0.2 [(130, 95), (135, 99), (140, 102), (145, 107), (150, 111), (155, 115)]
support 0.4 conf 0.3 [(130, 95), (135, 99), (140, 102), (145, 107), (150, 111), (155, 115)]
support 0.4 conf 0.4 [(130, 95), (135, 99), (140, 102), (145, 107), (150, 111), (155, 115)]
support 0.4 conf 0.5 [(130, 95), (135, 99), (140, 102), (145, 107), (150, 111), (155, 115)]
support 0.4 conf 0.6 [(130, 95), (135, 99), (140, 102), (145, 107), (150, 111), (155, 115)]
support 0.4 conf 0.7 [(130, 95), (135, 99), (140, 102), (145, 107), (150, 111), (155, 115)]
support 0.4 conf 0.8 [(130, 95), (135, 99), (140, 102), (145, 107), (150, 111), (155, 115)]
support 0.4 conf 0.9 [(130, 92), (135, 97), (140, 100), (145, 105), (150, 108), (155, 112)]
support 0.5 conf 0.1 [(130, 79), (135, 83), (140, 87), (145, 92), (150, 94), (155, 98)]
support 0.5 conf 0.2 [(130, 79), (135, 83), (140, 87), (145, 92), (150, 94), (155, 98)]
support 0.5 conf 0.3 [(130, 79), (135, 83), (140, 87), (145, 92), (150, 94), (155, 98)]
support 0.5 conf 0.4 [(130, 79), (135, 83), (140, 87), (145, 92), (150, 94), (155, 98)]
support 0.5 conf 0.5 [(130, 79), (135, 83), (140, 87), (145, 92), (150, 94), (155, 98)]
support 0.5 conf 0.6 [(130, 79), (135, 83), (140, 87), (145, 92), (150, 94), (155, 98)]
support 0.5 conf 0.7 [(130, 79), (135, 83), (140, 87), (145, 92), (150, 94), (155, 98)]
support 0.5 conf 0.8 [(130, 78), (135, 82), (140, 86), (145, 91), (150, 93), (155, 97)]
support 0.5 conf 0.9 [(130, 74), (135, 79), (140, 83), (145, 88), (150, 89), (155, 93)]
support 0.6 conf 0.1 [(130, 67), (135, 72), (140, 76), (145, 81), (150, 83), (155, 87)]
support 0.6 conf 0.2 [(130, 67), (135, 72), (140, 76), (145, 81), (150, 83), (155, 87)]
support 0.6 conf 0.3 [(130, 67), (135, 72), (140, 76), (145, 81), (150, 83), (155, 87)]
support 0.6 conf 0.4 [(130, 67), (135, 72), (140, 76), (145, 81), (150, 83), (155, 87)]
support 0.6 conf 0.5 [(130, 67), (135, 72), (140, 76), (145, 81), (150, 83), (155, 87)]
support 0.6 conf 0.6 [(130, 67), (135, 72), (140, 76), (145, 81), (150, 83), (155, 87)]
support 0.6 conf 0.7 [(130, 67), (135, 72), (140, 76), (145, 81), (150, 83), (155, 87)]
support 0.6 conf 0.8 [(130, 67), (135, 72), (140, 76), (145, 81), (150, 83), (155, 87)]
support 0.6 conf 0.9 [(130, 64), (135, 70), (140, 74), (145, 79), (150, 81), (155, 85)]
support 0.7 conf 0.1 [(130, 60), (135, 63), (140, 66), (145, 70), (150, 72), (155, 76)]
support 0.7 conf 0.2 [(130, 60), (135, 63), (140, 66), (145, 70), (150, 72), (155, 76)]
support 0.7 conf 0.3 [(130, 60), (135, 63), (140, 66), (145, 70), (150, 72), (155, 76)]
support 0.7 conf 0.4 [(130, 60), (135, 63), (140, 66), (145, 70), (150, 72), (155, 76)]
support 0.7 conf 0.5 [(130, 60), (135, 63), (140, 66), (145, 70), (150, 72), (155, 76)]
support 0.7 conf 0.6 [(130, 60), (135, 63), (140, 66), (145, 70), (150, 72), (155, 76)]
support 0.7 conf 0.7 [(130, 60), (135, 63), (140, 66), (145, 70), (150, 72), (155, 76)]
support 0.7 conf 0.8 [(130, 60), (135, 63), (140, 66), (145, 70), (150, 72), (155, 76)]
support 0.7 conf 0.9 [(130, 60), (135, 63), (140, 66), (145, 70), (150, 71), (155, 75)]
support 0.8 conf 0.1 [(130, 45), (135, 47), (140, 50), (145, 54), (150, 56), (155, 59)]
support 0.8 conf 0.2 [(130, 45), (135, 47), (140, 50), (145, 54), (150, 56), (155, 59)]
support 0.8 conf 0.3 [(130, 45), (135, 47), (140, 50), (145, 54), (150, 56), (155, 59)]
support 0.8 conf 0.4 [(130, 45), (135, 47), (140, 50), (145, 54), (150, 56), (155, 59)]
support 0.8 conf 0.5 [(130, 45), (135, 47), (140, 50), (145, 54), (150, 56), (155, 59)]
support 0.8 conf 0.6 [(130, 45), (135, 47), (140, 50), (145, 54), (150, 56), (155, 59)]
support 0.8 conf 0.7 [(130, 45), (135, 47), (140, 50), (145, 54), (150, 56), (155, 59)]
support 0.8 conf 0.8 [(130, 45), (135, 47), (140, 50), (145, 54), (150, 56), (155, 59)]
support 0.8 conf 0.9 [(130, 45), (135, 47), (140, 50), (145, 54), (150, 56), (155, 59)]
support 0.9 conf 0.1 [(130, 31), (135, 33), (140, 36), (145, 39), (150, 40), (155, 44)]
support 0.9 conf 0.2 [(130, 31), (135, 33), (140, 36), (145, 39), (150, 40), (155, 44)]
support 0.9 conf 0.3 [(130, 31), (135, 33), (140, 36), (145, 39), (150, 40), (155, 44)]
support 0.9 conf 0.4 [(130, 31), (135, 33), (140, 36), (145, 39), (150, 40), (155, 44)]
support 0.9 conf 0.5 [(130, 31), (135, 33), (140, 36), (145, 39), (150, 40), (155, 44)]
support 0.9 conf 0.6 [(130, 31), (135, 33), (140, 36), (145, 39), (150, 40), (155, 44)]
support 0.9 conf 0.7 [(130, 31), (135, 33), (140, 36), (145, 39), (150, 40), (155, 44)]
support 0.9 conf 0.8 [(130, 31), (135, 33), (140, 36), (145, 39), (150, 40), (155, 44)]
support 0.9 conf 0.9 [(130, 31), (135, 33), (140, 36), (145, 39), (150, 40), (155, 44)]


